   Array length             std::binary_search          compromise_search low          compromise_search mid         compromise_search high                      std::find
            100                    0.000267000                    0.000289000                    0.000278000                    0.000432000                    0.000700000
            200                    0.000273000                    0.000341000                    0.000361000                    0.000790000                    0.001202000
            300                    0.000263000                    0.000338000                    0.000364000                    0.000887000                    0.001548000
            400                    0.000229000                    0.000295000                    0.000392000                    0.001075000                    0.002047000
            500                    0.000241000                    0.000316000                    0.000466000                    0.001299000                    0.002598000
            600                    0.000246000                    0.000324000                    0.000531000                    0.001737000                    0.003307000
            700                    0.000246000                    0.000344000                    0.000615000                    0.001830000                    0.003843000
            800                    0.000286000                    0.000387000                    0.000662000                    0.002128000                    0.004034000
            900                    0.000251000                    0.000336000                    0.000695000                    0.002265000                    0.004410000
           1000                    0.000261000                    0.000352000                    0.000809000                    0.002540000                    0.004801000
           1100                    0.000256000                    0.000346000                    0.000819000                    0.002726000                    0.005251000
           1200                    0.000260000                    0.000427000                    0.001069000                    0.003092000                    0.005833000
           1300                    0.000261000                    0.000357000                    0.000899000                    0.003191000                    0.006470000
           1400                    0.000277000                    0.000384000                    0.001107000                    0.003809000                    0.007223000
           1500                    0.000283000                    0.000391000                    0.001115000                    0.003842000                    0.007465000
           1600                    0.000282000                    0.000392000                    0.001163000                    0.004131000                    0.008600000
           1700                    0.000285000                    0.000397000                    0.001251000                    0.004472000                    0.008548000
           1800                    0.000350000                    0.000426000                    0.001317000                    0.004611000                    0.009265000
           1900                    0.000279000                    0.000391000                    0.001445000                    0.005020000                    0.009531000
           2000                    0.000284000                    0.000385000                    0.001396000                    0.004927000                    0.009925000
           2100                    0.000309000                    0.000393000                    0.001435000                    0.005258000                    0.010139000
           2200                    0.000283000                    0.000398000                    0.001523000                    0.005493000                    0.010717000
           2300                    0.000288000                    0.000401000                    0.001570000                    0.005785000                    0.011023000
           2400                    0.000292000                    0.000400000                    0.001607000                    0.006127000                    0.012058000
           2500                    0.000289000                    0.000403000                    0.001673000                    0.006213000                    0.012335000
           2600                    0.000290000                    0.000404000                    0.001680000                    0.006597000                    0.012844000
           2700                    0.000290000                    0.000410000                    0.001789000                    0.006791000                    0.013112000
           2800                    0.000311000                    0.000432000                    0.001893000                    0.006928000                    0.014192000
           2900                    0.000293000                    0.000415000                    0.001914000                    0.007324000                    0.013994000
           3000                    0.000293000                    0.000417000                    0.001977000                    0.007482000                    0.014611000
           3100                    0.000294000                    0.000437000                    0.002081000                    0.007814000                    0.015229000
           3200                    0.000295000                    0.000421000                    0.002116000                    0.007744000                    0.015249000
           3300                    0.000297000                    0.000421000                    0.002222000                    0.008083000                    0.016539000
           3400                    0.000299000                    0.000427000                    0.002245000                    0.008336000                    0.018124000
           3500                    0.000318000                    0.000464000                    0.002384000                    0.008547000                    0.017155000
           3600                    0.000299000                    0.000424000                    0.002407000                    0.008970000                    0.017357000
           3700                    0.000290000                    0.000413000                    0.002364000                    0.008988000                    0.018127000
           3800                    0.000311000                    0.000415000                    0.002581000                    0.009168000                    0.018364000
           3900                    0.000292000                    0.000417000                    0.002410000                    0.009376000                    0.018741000
           4000                    0.000293000                    0.000418000                    0.002549000                    0.009471000                    0.020346000
           4100                    0.000292000                    0.000441000                    0.002657000                    0.009904000                    0.019317000
           4200                    0.000293000                    0.000420000                    0.002624000                    0.009969000                    0.021044000
           4300                    0.000372000                    0.000549000                    0.003066000                    0.010864000                    0.022128000
           4400                    0.000311000                    0.000447000                    0.002880000                    0.011890000                    0.022556000
           4500                    0.000345000                    0.000474000                    0.003254000                    0.011350000                    0.022105000
           4600                    0.000352000                    0.000425000                    0.002885000                    0.011406000                    0.022077000
           4700                    0.000297000                    0.000423000                    0.002969000                    0.011417000                    0.022608000
           4800                    0.000297000                    0.000430000                    0.002989000                    0.011689000                    0.022381000
           4900                    0.000296000                    0.000428000                    0.003105000                    0.011719000                    0.022815000
           5000                    0.000299000                    0.000428000                    0.003142000                    0.012250000                    0.023384000
           5100                    0.000345000                    0.000429000                    0.003168000                    0.012210000                    0.024446000
           5200                    0.000300000                    0.000432000                    0.003620000                    0.012720000                    0.023385000
           5300                    0.000300000                    0.000433000                    0.003431000                    0.012906000                    0.024516000
           5400                    0.000300000                    0.000435000                    0.003295000                    0.012626000                    0.025520000
           5500                    0.000302000                    0.000437000                    0.003369000                    0.012947000                    0.026356000
           5600                    0.000302000                    0.000483000                    0.003513000                    0.013636000                    0.025219000
           5700                    0.000304000                    0.000438000                    0.003618000                    0.013657000                    0.026647000
           5800                    0.000301000                    0.000436000                    0.003630000                    0.014204000                    0.027952000
           5900                    0.000304000                    0.000443000                    0.003587000                    0.014150000                    0.027306000
           6000                    0.000302000                    0.000444000                    0.004073000                    0.014962000                    0.028221000
           6100                    0.000304000                    0.000445000                    0.003719000                    0.014714000                    0.029126000
           6200                    0.000307000                    0.000444000                    0.003637000                    0.014597000                    0.028371000
           6300                    0.000306000                    0.000446000                    0.003887000                    0.014895000                    0.030186000
           6400                    0.000306000                    0.000444000                    0.004009000                    0.015793000                    0.029887000
           6500                    0.000307000                    0.000448000                    0.004077000                    0.015623000                    0.031495000
           6600                    0.000307000                    0.000445000                    0.004177000                    0.016845000                    0.031995000
           6700                    0.000308000                    0.000450000                    0.004246000                    0.015931000                    0.031648000
           6800                    0.000308000                    0.000450000                    0.004372000                    0.016041000                    0.031390000
           6900                    0.000308000                    0.000451000                    0.004203000                    0.016866000                    0.032209000
           7000                    0.000307000                    0.000451000                    0.004275000                    0.016354000                    0.033956000
           7100                    0.000308000                    0.000449000                    0.004532000                    0.016807000                    0.033260000
           7200                    0.000328000                    0.000498000                    0.004485000                    0.018728000                    0.035752000
           7300                    0.000310000                    0.000473000                    0.004709000                    0.018255000                    0.036526000
           7400                    0.000330000                    0.000483000                    0.004629000                    0.017961000                    0.037139000
           7500                    0.000311000                    0.000451000                    0.004480000                    0.018140000                    0.035092000
           7600                    0.000310000                    0.000452000                    0.004691000                    0.018501000                    0.036283000
           7700                    0.000312000                    0.000456000                    0.004808000                    0.018726000                    0.035862000
           7800                    0.000326000                    0.000481000                    0.005617000                    0.019088000                    0.036997000
           7900                    0.000313000                    0.000477000                    0.004807000                    0.018251000                    0.037220000
           8000                    0.000312000                    0.000454000                    0.004891000                    0.018796000                    0.037387000
           8100                    0.000313000                    0.000460000                    0.004991000                    0.018915000                    0.036850000
           8200                    0.000323000                    0.000471000                    0.005216000                    0.019590000                    0.040606000
           8300                    0.000315000                    0.000458000                    0.004958000                    0.019996000                    0.038869000
           8400                    0.000314000                    0.000458000                    0.005175000                    0.020070000                    0.039821000
           8500                    0.000373000                    0.000586000                    0.006340000                    0.020950000                    0.043463000
           8600                    0.000332000                    0.000486000                    0.005608000                    0.021641000                    0.043132000
           8700                    0.000333000                    0.000485000                    0.005745000                    0.021319000                    0.044024000
           8800                    0.000334000                    0.000495000                    0.005701000                    0.022597000                    0.044853000
           8900                    0.000324000                    0.000474000                    0.006068000                    0.024361000                    0.044899000
           9000                    0.000415000                    0.000566000                    0.005991000                    0.021995000                    0.047199000
           9100                    0.000405000                    0.000546000                    0.006133000                    0.024311000                    0.046380000
           9200                    0.000337000                    0.000496000                    0.006015000                    0.022288000                    0.044495000
           9300                    0.000326000                    0.000478000                    0.006011000                    0.022717000                    0.044826000
           9400                    0.000317000                    0.000467000                    0.005707000                    0.021698000                    0.043998000
           9500                    0.000316000                    0.000466000                    0.005785000                    0.022329000                    0.044505000
           9600                    0.000317000                    0.000467000                    0.005906000                    0.022954000                    0.044714000
           9700                    0.000321000                    0.000465000                    0.005874000                    0.022912000                    0.045911000
           9800                    0.000320000                    0.000468000                    0.006057000                    0.023910000                    0.047179000
           9900                    0.000319000                    0.000469000                    0.006094000                    0.024051000                    0.047634000
          10000                    0.000319000                    0.000465000                    0.006200000                    0.026870000                    0.050340000
